word_linear_name_sum_train.txt	0.8884	0.8749	0.8783	0.8816	0.8758	0.891	0.8981	0.9087	0.9188	0.9202	0.9234	0.9273	0.9297	0.9328	0.9347	0.9382	0.9411	0.9436	0.9458	0.9466	0.9466	0.9466	0.9466
zi_linear_noname_sum_train.txt	0.8305	0.8083	0.8041	0.8138	0.816	0.8281	0.8393	0.8363	0.8117	0.8286	0.8428	0.8547	0.865	0.874	0.8818	0.8887	0.8949	0.9004	0.9053	0.9098	0.9139	0.9176	0.921
zi_stroke_linear_noname_sum_train.txt	0.9577	0.9199	0.9183	0.9107	0.9135	0.9171	0.9235	0.9282	0.9323	0.9349	0.9381	0.9407	0.9428	0.9466	0.9465	0.949	0.9519	0.9534	0.9559	0.9565	0.9571	0.9581	0.9595
stroke_seq_rbf_noname_mosaic_train.txt	1.0	1.0	1.0	1.0	1.0	0.7325	0.7653	0.791	0.8117	0.8286	0.8428	0.8547	0.865	0.874	0.8818	0.8887	0.8949	0.9004	0.9053	0.9098	0.9139	0.9176	0.921
zi_stroke_linear_name_mosaic_train.txt	1.0	0.9915	0.9582	0.9441	0.9356	0.9427	0.9439	0.9471	0.9449	0.9486	0.9477	0.949	0.9504	0.951	0.9526	0.9539	0.9551	0.9575	0.9584	0.9586	0.9616	0.9626	0.9634
zi_rbf_noname_mosaic_train.txt	1.0	1.0	1.0	1.0	1.0	0.7325	0.7653	0.791	0.8117	0.8286	0.8428	0.8547	0.865	0.874	0.8818	0.8887	0.8949	0.9004	0.9053	0.9098	0.9139	0.9176	0.921
stroke_count_linear_noname_mosaic_train.txt	0.7694	0.7142	0.7184	0.6298	0.6898	0.7332	0.7659	0.7916	0.8122	0.8291	0.8432	0.8551	0.8654	0.8743	0.8821	0.889	0.8951	0.9006	0.9056	0.91	0.9141	0.9178	0.9212
zi_stroke_rbf_noname_sum_train.txt	1.0	1.0	1.0	1.0	1.0	0.7325	0.7653	0.791	0.8117	0.8286	0.8428	0.8547	0.865	0.874	0.8818	0.8887	0.8949	0.9004	0.9053	0.9098	0.9139	0.9176	0.921
word_linear_noname_mosaic_train.txt	0.9511	0.9243	0.9261	0.9317	0.9261	0.9271	0.9369	0.9395	0.9441	0.9462	0.95	0.9535	0.9559	0.9583	0.9602	0.9623	0.9641	0.9646	0.964	0.9648	0.9648	0.9648	0.9648
zi_stroke_rbf_name_mosaic_train.txt	1.0	1.0	1.0	1.0	1.0	1.0	0.7373	0.7653	0.788	0.8067	0.8223	0.8356	0.8471	0.8571	0.8658	0.8735	0.8804	0.8866	0.8922	0.8973	0.9019	0.9061	0.9099
stroke_count_rbf_noname_mosaic_train.txt	1.0	1.0	1.0	1.0	1.0	0.7325	0.7653	0.791	0.8117	0.8286	0.8428	0.8547	0.865	0.874	0.8818	0.8887	0.8949	0.9004	0.9053	0.9098	0.9139	0.9176	0.921
word_rbf_name_sum_train.txt	1.0	0.9992	0.9988	0.7878	0.8126	0.8352	0.8556	0.8718	0.8847	0.8947	0.9034	0.9111	0.9176	0.9232	0.9281	0.9324	0.9363	0.9397	0.9428	0.9435	0.9435	0.9435	0.9435
word_linear_name_mosaic_train.txt	0.9591	0.9291	0.9218	0.9225	0.9172	0.9168	0.9262	0.9285	0.9364	0.9379	0.9438	0.9472	0.9477	0.9525	0.9529	0.9552	0.9572	0.9578	0.9584	0.9588	0.9588	0.9588	0.9588
zi_linear_name_sum_train.txt	0.8282	0.7895	0.7729	0.7747	0.7804	0.7946	0.8069	0.7653	0.788	0.8067	0.8223	0.8356	0.8471	0.8571	0.8658	0.8735	0.8804	0.8866	0.8922	0.8973	0.9019	0.9061	0.9099
zi_stroke_linear_noname_mosaic_train.txt	1.0	1.0	0.9907	0.9794	0.9706	0.9712	0.969	0.9691	0.966	0.9659	0.9675	0.9662	0.9673	0.9683	0.9687	0.97	0.9701	0.9702	0.9705	0.9719	0.9731	0.9739	0.9741
stroke_seq_rbf_name_mosaic_train.txt	1.0	1.0	1.0	1.0	1.0	1.0	0.7373	0.7653	0.788	0.8067	0.8223	0.8356	0.8471	0.8571	0.8658	0.8735	0.8804	0.8866	0.8922	0.8973	0.9019	0.9061	0.9099
stroke_joint_rbf_noname_mosaic_train.txt	1.0	1.0	1.0	1.0	1.0	0.7325	0.7653	0.791	0.8117	0.8286	0.8428	0.8547	0.865	0.874	0.8818	0.8887	0.8949	0.9004	0.9053	0.9098	0.9139	0.9176	0.921
zi_stroke_linear_name_sum_train.txt	0.9358	0.8981	0.8868	0.8836	0.884	0.8909	0.8975	0.9071	0.9089	0.9148	0.9192	0.9249	0.9255	0.9302	0.9318	0.9342	0.9352	0.9366	0.9395	0.9405	0.9411	0.9418	0.9439
word_rbf_noname_sum_train.txt	1.0	0.9992	0.9994	0.7843	0.8177	0.8449	0.8648	0.8796	0.8923	0.9025	0.9102	0.918	0.9234	0.9287	0.9333	0.9373	0.9409	0.9441	0.9469	0.9481	0.9481	0.9481	0.9481
stroke_count_rbf_name_mosaic_train.txt	1.0	1.0	1.0	1.0	1.0	1.0	0.7373	0.7653	0.788	0.8067	0.8223	0.8356	0.8471	0.8571	0.8658	0.8735	0.8804	0.8866	0.8922	0.8973	0.9019	0.9061	0.9099
stroke_count_linear_name_mosaic_train.txt	0.7877	0.7349	0.7234	0.5934	0.6567	0.7031	0.7385	0.7664	0.7889	0.8075	0.8227	0.836	0.8474	0.8574	0.8661	0.8738	0.8807	0.8869	0.8924	0.8975	0.9021	0.9063	0.9101
word_rbf_noname_mosaic_train.txt	1.0	0.9992	0.9994	0.7843	0.8177	0.8449	0.8648	0.8796	0.8923	0.9025	0.9102	0.918	0.9234	0.9287	0.9333	0.9373	0.9409	0.9441	0.9469	0.9481	0.9481	0.9481	0.9481
zi_stroke_rbf_name_sum_train.txt	1.0	1.0	1.0	1.0	1.0	1.0	0.7373	0.7653	0.788	0.8067	0.8223	0.8356	0.8471	0.8571	0.8658	0.8735	0.8804	0.8866	0.8922	0.8973	0.9019	0.9061	0.9099
word_linear_noname_sum_train.txt	0.8912	0.8799	0.8805	0.8858	0.8936	0.9052	0.9136	0.9203	0.9277	0.9309	0.9335	0.9382	0.9386	0.9417	0.9441	0.946	0.9473	0.9496	0.9516	0.9527	0.9527	0.9527	0.9527
word_rbf_name_mosaic_train.txt	1.0	0.9992	0.9988	0.787	0.8119	0.8352	0.8556	0.8718	0.8847	0.8947	0.9034	0.9111	0.9176	0.9232	0.9281	0.9324	0.9363	0.9397	0.9428	0.9435	0.9435	0.9435	0.9435
stroke_joint_linear_noname_mosaic_train.txt	0.8341	0.7951	0.7903	0.7964	0.786	0.7642	0.776	0.7999	0.8193	0.8354	0.8489	0.8605	0.8693	0.878	0.8856	0.8923	0.8979	0.9033	0.9079	0.9122	0.916	0.9196	0.922
stroke_joint_rbf_name_mosaic_train.txt	1.0	1.0	1.0	1.0	1.0	1.0	0.7373	0.7653	0.788	0.8067	0.8223	0.8356	0.8471	0.8571	0.8658	0.8735	0.8804	0.8866	0.8922	0.8973	0.9019	0.9061	0.9099
stroke_seq_linear_noname_mosaic_train.txt	0.8247	0.7782	0.7881	0.7845	0.7608	0.745	0.7754	0.7994	0.8188	0.835	0.8485	0.8601	0.869	0.8777	0.8853	0.892	0.8977	0.903	0.9079	0.9122	0.916	0.9196	0.922
stroke_seq_linear_name_mosaic_train.txt	0.8335	0.764	0.774	0.7598	0.7271	0.7147	0.7494	0.773	0.7947	0.81	0.8254	0.8385	0.8494	0.8592	0.8679	0.8755	0.8823	0.8884	0.8939	0.8988	0.9034	0.9073	0.9111
zi_linear_noname_mosaic_train.txt	1.0	0.9902	0.9559	0.9476	0.9385	0.9379	0.9359	0.9393	0.9414	0.9413	0.9453	0.945	0.9486	0.9511	0.952	0.9536	0.9546	0.9552	0.9576	0.9594	0.9584	0.9599	0.9607
stroke_joint_linear_name_mosaic_train.txt	0.848	0.7778	0.781	0.78	0.7518	0.7447	0.75	0.7735	0.7951	0.81	0.8254	0.8389	0.8494	0.8596	0.8679	0.8755	0.8825	0.8884	0.8939	0.8988	0.9034	0.9075	0.9111
zi_rbf_name_sum_train.txt	1.0	1.0	1.0	1.0	1.0	1.0	0.7385	0.7664	0.7889	0.8075	0.8231	0.8364	0.8478	0.8577	0.8664	0.8741	0.881	0.8871	0.8927	0.8977	0.9023	0.9065	0.9103
zi_rbf_noname_sum_train.txt	1.0	1.0	1.0	1.0	1.0	0.7338	0.7665	0.7921	0.8127	0.8295	0.8436	0.8555	0.8657	0.8746	0.8824	0.8893	0.8954	0.9009	0.9058	0.9103	0.9143	0.918	0.9214
zi_rbf_name_mosaic_train.txt	1.0	1.0	1.0	1.0	1.0	1.0	0.7373	0.7653	0.788	0.8067	0.8223	0.8356	0.8471	0.8571	0.8658	0.8735	0.8804	0.8866	0.8922	0.8973	0.9019	0.9061	0.9099
zi_stroke_rbf_noname_mosaic_train.txt	1.0	1.0	1.0	1.0	1.0	0.7325	0.7653	0.791	0.8117	0.8286	0.8428	0.8547	0.865	0.874	0.8818	0.8887	0.8949	0.9004	0.9053	0.9098	0.9139	0.9176	0.921
zi_linear_name_mosaic_train.txt	1.0	0.9497	0.9174	0.9089	0.9017	0.907	0.9085	0.9101	0.9178	0.9204	0.9218	0.9273	0.9311	0.932	0.9346	0.9359	0.9367	0.9381	0.9393	0.9412	0.9439	0.9447	0.9469
